0.0
1.2822417255356426
0.9665536110290401
0.25774555164339785
0.5699159244335407
0.7319991911495906
-0.49534723624210963
-1.6319877236360492
-1.045210926037532
0.05854607842465709
0.031016847969330144
-0.16542629158299438
0.8049573055415369
1.6627296390757458
0.798901595962628
-0.5833042877223267
-0.6538848997536038
-0.2294725393293734
-0.8055840925010308
-1.3614092207308603
-0.3295444910766673
1.1370874752684925
1.1087329920938436
0.32395168679966113
0.47798443676158314
0.8248207688189075
-0.186388201068097
-1.5290992691067726
-1.2616409778803774
-0.09171667648783677
0.08648558489843902
-0.22714866969765746
0.5572479175064475
1.6212736294037258
1.07954607598438
-0.38228766375296397
-0.7164053368356822
-0.23846341506210955
-0.6406780585897771
-1.374669754279412
-0.6412110913958736
0.9304430956867343
1.2177057749286402
0.42469687785900956
0.39153085457757264
0.8626017581081169
0.11065750471871261
-1.3587880317558467
-1.438693484092963
-0.2794483981795921
0.1228537749556049
-0.2460950989142115
0.318017192760861
1.5122014147830016
1.3208550272323176
-0.13675368377915031
-0.7451373384824691
-0.280091492052502
-0.48591231677226787
-1.3265577779771707
-0.9183875162274808
0.67115296789283
1.2806911416157511
0.5527587822019866
0.32277415545627386
0.850344530686554
0.3798998271913374
-1.1301385077838626
-1.5628305775924702
-0.4949564549271595
0.1293204253641237
-0.22848393225418465
0.10157191460359227
1.3443415588345613
1.508677021497721
0.1417107096989983
-0.7299981999924631
-0.3462100179473955
-0.3534541624740132
-1.2256019530628937
-1.1468952493796427
0.37184592179744574
1.2876310100460995
0.6976446945828023
0.2816470440754395
0.7966797919216956
0.6079955812590762
-0.8559569389723527
-1.6235932517307288
-0.7254422607210809
0.09781807192706837
-0.18373745317773457
-0.08045684202881132
1.1300672063466604
1.632164798523147
0.4385102487767514
-0.6641024244639807
-0.42588518753412263
-0.2525999403472783
-1.083564301156673
-1.3159704808528976
0.04807938045687562
1.2320783307853533
0.8464284429842152
0.2749281690083394
0.7130441718041376
0.7850595068718288
-0.5518540690971487
-1.6144406275222711
-0.955936696243908
0.02378870368175623
-0.12359012849289405
-0.21993414386252558
0.8843334628465136
1.6845606227366634
0.7370609872194623
-0.544453712644863
-0.5063651654946015
-0.18906092482065695
-0.9144407307901159
-1.4189827571705744
-0.2827439255284575
1.1118146093874537
0.9847999176830714
0.30564155126247694
0.6126443280452575
0.9052980000553499
-0.23512048994907325
-1.5332991086324563
-1.1704252292249357
-0.09332722845720753
-0.06101088038768765
-0.31275089697812763
0.6235302951939352
1.6636762270657048
1.019977111942705
-0.3723314879115283
-0.574206544365195
-0.1645526418835398
-0.7333032856939908
-1.4538368944356326
-0.6026036346887268
0.9291458316133874
1.0982436915391074
0.37277191974394386
0.5092919212752961
0.9673180693016501
0.07651843441220335
-1.3827773911340508
-1.3530747762696997
-0.24992975294752995
-0.009027380226770187
-0.3590229650500796
0.36424107057965666
1.572030359672548
1.270333281578751
-0.15333864888172938
-0.6164669569126037
-0.1767193811993062
-0.5550766502134439
-1.4230285817022705
-0.8941393865312033
0.6908511824985036
1.1732526173432956
0.4713193067730914
0.41620384208117117
0.9740897877281216
0.3661717742846806
-1.1700293861353495
-1.4894659506910286
-0.4384411395027219
0.020451874170920203
-0.362946243954579
0.12200396980016426
1.4166336965918902
1.4729046580993028
0.10289594053377421
-0.6218671188848255
-0.21939877585551304
-0.3933462966782507
-1.3333512794611035
-1.141879999670619
0.40778623021412813
1.1984791792540919
0.5926890515696162
0.3448645806379932
0.9325679014610158
0.618978358229111
-0.906274641233505
-1.5677335553596312
-0.6478179736966145
0.017721804907029792
-0.3323216320352489
-0.08982704756365423
1.2084384287416576
1.6152883056413623
0.38333933358036626
-0.5818278320981067
-0.2832040892430384
-0.25929279191077637
-1.1952793483177213
-1.3333295531898455
0.09416943687299624
1.1657319821406205
0.7253864507416887
0.30404243753785676
0.8530051478512415
0.823136190418507
-0.6060126389408502
-1.579525074843176
-0.8643546134422804
-0.023817062480630646
-0.277790090703624
-0.26103323321339594
0.9614960022780967
1.6888187290771013
0.6724540902122652
-0.491297253698161
-0.3563764061993694
-0.16083642886836447
-1.0220776682417012
-1.4598269360642502
-0.23339418824756017
1.0707367262712695
0.8559608184387288
0.2990387949914436
0.7480141065730641
0.9706871632202594
-0.2859912921570062
-1.5207009580963926
-1.0727157255062867
-0.10701231675507006
-0.2118410171411944
-0.38522066059937937
0.6918892223440523
1.6892062987155376
0.9533067796735115
-0.34930026371607037
-0.4258372975812118
-0.10205934054654897
-0.8287093302728659
-1.5171131945572705
-0.5570777349636518
0.9135993937609177
0.9701236186698903
0.3312308940259282
0.6314541340608173
1.0579976798751083
0.03599084114972534
-1.3917205574907126
-1.2571171363862992
-0.23062268234533967
-0.14767512580094827
-0.4601960475522717
0.41652242964800984
1.6168488984540992
1.208799874006088
-0.1591637331563034
-0.4783564303421455
-0.08294993940530915
-0.6306286188231982
-1.5055639268096388
-0.8590958883574529
0.6989327177461074
1.05395120564694
0.3979449873380715
0.5172335590580412
1.085899865467768
0.34235615470579417
-1.1976821199020902
-1.4025621425087516
-0.3893190434366126
-0.09801453501488422
-0.488001417568371
0.1518643486282844
1.476792640204387
1.4229315103941833
0.0716028294706853
-0.5017393071034858
-0.09948867905976616
-0.4425552225269729
-1.4300702373173189
-1.1229699633001602
0.43563347197119734
1.0950756792299408
0.4926702311977148
0.4181237697537169
1.0594848536642962
0.616995261292143
-0.9480122759503073
-1.496035672932492
-0.5740251584342313
-0.07395686950255209
-0.4746073841702143
-0.08725837033218642
1.2783448954843784
1.5819851239606844
0.3317644264593881
-0.48593857865826107
-0.14406680741838712
-0.2773267314119333
-1.2995792976100002
-1.334696956135041
0.13632561608293148
1.0837679939436864
0.6055963474740712
0.3446805950117734
0.9875670711936828
0.8463938397708732
-0.655827909521342
-1.5275616662290559
-0.7725725752636234
-0.08396659448222854
-0.42929197177415357
-0.2887231991655521
1.0343700432831742
1.6755562009400866
0.6071218311621233
-0.4239983202631598
-0.206203140273887
-0.14491991602025855
-1.1263321892948908
-1.4837325532615049
-0.1834893132143962
1.0138257072556307
0.724432098197155
0.3043595759647909
0.8818643324577073
1.0205525776985866
-0.33701894564815926
-1.4910394837015022
-0.9706190711713704
-0.13308577895516482
-0.3637568375638664
-0.44394734684809656
0.7603230798622699
1.6973359651984277
0.8815190413225094
-0.31275382912148003
-0.2735000450604278
-0.05171756599549693
-0.9248603298756422
-1.5637125798596903
-0.5065100469694849
0.8831929682679132
0.8354390334423791
0.30089604238813383
0.7559608566881495
1.1336301275495206
-0.009122445233491955
-1.3847923124070975
-1.1527587433922013
-0.22242891940006992
-0.2910535562186358
-0.5484330625065443
0.47309662924382034
1.6455907005824693
1.138019311974586
-0.15322884510411927
-0.33276067733345277
-7.78837694463963e-05
-0.7108205368451037
-1.572857850372234
-0.814859074995786
0.6942613320071893
0.9245975923415553
0.3339995979861139
0.6241372683972274
1.1842608933763392
0.3099252849643069
-1.2117829642766336
-1.3037363529992465
-0.34900373441658183
-0.22440762680885884
-0.6019819090015176
0.189771325276825
1.523299138967765
1.3601585635066062
0.04930391135646983
-0.37117657672176185
0.011760844804159287
-0.49976119360074633
-1.514032179003257
-1.0913576084920373
0.45382508019211404
0.9788118384648652
0.39938737291854975
0.5001619014145162
1.1755251275865004
0.6030623571647321
-0.9794784812684301
-1.4096699085122188
-0.5058737682597809
-0.17603587248995456
-0.6085636273145875
-0.07363312868602778
1.337937037918354
1.533178553478998
0.285606250671014
-0.37748903154919833
-0.010565580285604392
-0.30591706636902216
-1.3944504657290433
-1.3207536594976512
0.17269195364376627
0.9870557551659841
0.48915322512168585
0.39614049050781686
1.1145762147628306
0.8553025984231606
-0.6993724588490404
-1.4591844568909162
-0.6826512850850792
-0.15605329629192044
-0.5758526413841802
-0.3033092531386916
1.100925626697604
1.6451434898577708
0.5430820718386801
-0.34302961527702835
-0.05811287314465624
-0.14112768875074921
-1.2250611472460606
-1.490808439619121
-0.1350225979768885
0.9413683847302745
0.5924431216520376
0.32151638915832215
1.0119569850774734
1.0547721185699837
-0.3862008299355546
-1.4443667146978136
-0.8662824665735855
-0.17155820161443736
-0.5144716010077701
-0.48862644613144696
0.8267868409832905
1.6878526521464492
0.8066631328762677
-0.2625548270693564
-0.11946669424056769
-0.013964094702069274
-1.019652732363663
-1.593157296351147
-0.45286451802282046
0.8376168272531527
0.6963823468430828
0.28230119479132487
0.8806613027937243
1.1935018360182201
-0.056910890177426246
-1.3614640005869987
-1.0420634441805203
-0.2259700613127511
-0.43700454107635117
-0.6228349855899582
0.5320711248435376
1.657477378124081
1.0599049559013185
-0.13480607960498114
-0.18178518627594265
0.07086814963384569
-0.7937556212638966
-1.6238790116608874
-0.7631995950509224
0.6759642968308522
0.7871799175350747
0.2805970699504273
0.7350170881621809
1.2679159193344418
0.27053730529515607
-1.211270833872386
-1.1948070681872396
-0.3186743620868603
-0.3568604143133989
-0.7034561642297656
0.23414125065679037
1.5548722242342732
1.28620789532694
0.037251921363598894
-0.23196057544860663
0.11280385166444651
-0.5634262443736685
-1.5837300952663975
-1.0484722013143595
0.46100362843891923
0.851321247025471
0.31444859748708254
0.5894807822922059
1.2789800775282187
0.5784449117912802
-0.9991709736407295
-1.3100680198965422
-0.4450040690411683
-0.2870794941697419
-0.7323303028023327
-0.05009329891249825
1.3855355261734292
1.4700681966939606
0.24653579581203444
-0.2578052663055739
0.11535105366493659
-0.3440095026907738
-1.4780269141885551
-1.292467191606991
0.2015430057674254
0.8767528291569473
0.3780355623173565
0.4574399632365195
1.2320004143018335
0.850625492353843
-0.7348296625494048
-1.375328890437419
-0.5965603993819295
-0.23917951737257925
-0.7153215374851125
-0.30539320047284013
1.1592219679755171
1.5982611779963891
0.4822851925878512
-0.24916585724107104
0.08568919835877437
-0.14897684596748517
-1.3161860420349027
-1.481477415746479
-0.08994184736433286
0.8539630926858253
0.46219071121519334
0.3501198430831777
1.1360910339818564
1.0735371435551315
-0.43155827821716863
-1.381052580740442
-0.7618484032843404
-0.22213509848772606
-0.6617054656493939
-0.5192633167610481
0.889236952554409
1.6608636941367743
0.7308087837426058
-0.19887419446474935
0.03396665951663752
0.011069012416120128
-1.1109599124155094
-1.6052865547800836
-0.3981483747920179
0.776871578372207
0.5552004757674206
0.2756808037934382
1.0033545786902924
1.2372086628573213
-0.10539931593328161
-1.3215166126768516
-0.9271775820058152
-0.24157316931424677
-0.5832908088629535
-0.6828012850803441
0.5914674093370745
1.6520354066506728
0.9764774336295541
-0.10345751485114951
-0.02764432625336773
0.12914526681760885
-0.8774286141268163
-1.6578913549265968
-0.7060169297419523
0.6434535877308551
0.6438239212086616
0.23857864863598244
0.8478423345884167
1.3358891093988434
0.22599840251621672
-1.1953618773624248
-1.0777564344766075
-0.2992498313100318
-0.49334722886520477
-0.7912560629754228
0.2832242154485989
1.570497103290113
1.2028875882607992
0.03645112164265907
-0.0860579523116772
0.20233822962762987
-0.631827598018279
-1.6379076721603019
-0.9959474629408794
0.4560482594002556
0.714447609592334
0.2392380880746784
0.6843776971509872
1.36837189171282
0.544627913610966
-1.0058106487932812
-1.1988941092219672
-0.3928514386455568
-0.4054266526234317
-0.8442548844502834
-0.018013973913860504
1.4196679204292932
1.3941041525229778
0.21603705842055654
-0.12845981744247187
0.23191691182615143
-0.39030368515739644
-1.5486294497759783
-1.2510692967461041
0.2213230023075624
0.7542830359846812
0.2740648249688915
0.527337279322393
1.3379701185714699
0.83339961276773
-0.7605345997395718
-1.2772134988586543
-0.5161367445749899
-0.33217372410685475
-0.8456833773260737
-0.29585814443040703
1.207449953881888
1.535885501099954
0.42657121442200563
-0.14347008833441294
0.22310411403795738
-0.1676970809897822
-1.397736881476141
-1.456465736015279
-0.05010562067265906
0.7525096889497781
0.33579445124359564
0.38948695741160166
1.2521473495362954
1.077345850175421
-0.4711810266050872
-1.301778855735639
-0.6594096069399165
-0.2842216523160893
-0.8032310471090145
-0.5361703694299722
0.9456762994991958
1.6167943334024448
0.6560011298558027
-0.12219008579906299
0.18452548137571131
0.023555303450499387
-1.1966774225561454
-1.600258612111355
-0.34436725825609094
0.7012708913514553
0.41414937209986347
0.28096544561740355
1.1218349150396698
1.2646619815624498
-0.15259235100371582
-1.2650474355829195
-0.8102852294805539
-0.26926271957932435
-0.7276407721388141
-0.7280398353218634
0.6492648694718509
1.6291067555816008
0.8898209259392766
-0.0590468125865814
0.127382627222751
0.17430984807543093
-0.9597688388497708
-1.6744686760998673
-0.645296989903203
0.5964410731964794
0.49675027701736235
0.20849594988778053
0.9604915068858331
1.3875040966809156
0.17822190423792383
-1.1635682886951866
-0.9546893194509246
-0.29136861008822956
-0.6317242872134643
-0.8644988028989553
0.33514330790153213
1.5694475740253955
1.1121528567309664
0.04763396489562843
0.06441838869988742
0.2793308194326864
-0.7030951136641906
-1.6755851994115003
-0.9355850063371098
0.43810110794401225
0.5702082395423621
0.17488803489757787
0.7829808325440781
1.4424827772989115
0.5032819750623914
-0.9983710436132486
-1.0780107428566101
-0.35061563739595514
-0.529224013503036
-0.9429245279686468
0.021028167095536232
1.4391010866043787
1.3069560688162125
0.19537383649436912
0.008758799982173937
0.3375829106918087
-0.44328206183274294
-1.6048008300502477
-1.19802812483852
0.230681386502874
0.6213089728782348
0.17886850844437008
0.6043571959529692
1.430816119953875
0.8049115495639965
-0.7750118106157438
-1.1663157508690336
-0.4430454860013019
-0.4336135692780799
-0.9650980538238169
-0.275847202453439
1.2439719811895995
1.459267778357704
0.37762937018928944
-0.02727385008533123
0.3521807909253552
-0.19624866537141267
-1.4678939000665723
-1.416786249316665
-0.017241413455028776
0.6381932521844649
0.21525373838261186
0.4386558063057455
1.3581320096617544
1.0669902107737836
-0.5032702544918928
-1.207526631026726
-0.5609651783001688
-0.3569339242909032
-0.936917929587118
-0.5399577395190465
0.9941982980589361
1.55637915458929
0.5842162760699747
-0.033280246927353874
0.33000206499122964
0.02396827186601913
-1.2747679224356336
-1.5785462503312275
-0.29348046104508463
0.6114376361378544
0.2754484631387615
0.2977838816574182
1.2339371360586968
1.2760881762985543
-0.196519321308621
-1.19247012412134
-0.6935627696410674
-0.30875907837805705
-0.8677941547316496
-0.7585703092459097
0.7034456257569232
1.5888530017603466
0.802038248933346
-0.0017443700579239385
0.28099683120871555
0.20622467176444187
-1.0386847795186456
-1.6735027886699854
-0.5830679743868799
0.5349473733763456
0.3482300087105594
0.19060027086252584
1.0707963309368589
1.4223960984028625
0.1291851158620937
-1.115710951330022
-0.8277899208210212
-0.2953746006625354
-0.7697728460049535
-0.9226027702329823
0.3879366310465873
1.5513024843926222
1.0160642130405964
0.07124359359141841
0.21725113698264403
0.34303678319254516
-0.775251979517163
-1.696079785038075
-0.8693143301420636
0.4065881528717123
0.4207539578396976
0.12225603229439952
0.8832884164811323
1.5003787613608326
0.4562253399831242
-0.9761025300051764
-0.9494410122356303
-0.31923519945283974
-0.6564632765823714
-1.027193190017104
0.06529070513752111
1.4428686883751918
1.2104777077239552
0.1855612842508314
0.15188116243136993
0.43104716994763437
-0.501243459046183
-1.6453364313779888
-1.1350155456178188
0.22850398354319706
0.47969954552415167
0.0938473972877597
0.6868221031036644
1.5091031739024183
0.7666676017497924
-0.7770091012459555
-1.044342553976561
-0.3787450688938516
-0.5418543773407959
-1.0719368825991498
-0.2467366915059259
1.2673582916837558
1.369908183325519
0.3369609827983181
0.09784836235963884
0.47115450501518386
-0.2333462340212153
-1.5250262543024842
-1.3637156363395355
0.007093335934191258
0.5124617901327765
0.10240747958448526
0.4964061976844689
1.4522170925273885
1.0435367684599117
-0.5261792997331712
-1.0995575770475219
-0.46837885747848085
-0.4391162983985356
-1.0607751970287236
-0.5315176519254677
1.0330291814853376
1.4806471351997414
0.5173184495269332
0.0667920070401643
0.46829937220180823
0.013069261033226698
-1.34330483645945
-1.5409257513875216
-0.24735721901237
0.5082935063261406
0.14123595925466437
0.325471635206634
1.3375814095179073
1.2720215667975103
-0.23527862753083023
-1.1045081864334065
-0.5791337819266025
-0.3594835365263509
-1.0015474643784104
-0.7747209862351817
0.7520394030264455
1.5317528372112956
0.7152056841388719
0.0679740915596514
0.43092562984976523
0.22505948567920975
-1.1121092396396854
-1.6552051187297399
-0.5213554280236502
0.4593041935181018
0.20053892379788787
0.18483837842980566
1.1765869342323343
1.4405175514960833
0.08088481944743739
-1.051925641884313
-0.6992768365411739
-0.31130937390776325
-0.9052440385652045
-0.9652970697065295
0.43960118551081223
1.515955885975527
0.9167435563140018
0.10742255007554913
0.37016265008369453
0.39301281950236183
-0.8462577893449801
-1.6990194508183893
-0.7991502199010644
0.3612340493788898
0.2683262361955416
0.08190840170687363
0.983210748886773
1.5414276108269382
0.4053828067018448
-0.9385507227877212
-0.8153273326095248
-0.2993674865238064
-0.7850218473670757
-1.0962031521301259
0.11290488023710502
1.4302931710054312
1.106667772485067
0.18734283264179696
0.29879587084973913
0.5112798493359163
-0.5623406537875336
-1.6693097323729758
-1.0638702821073447
0.21393913241222212
0.3314931881478284
0.020147729014185933
0.772887585433188
1.5716588021350528
0.7203594011514507
-0.7655266743720027
-0.9131960281629397
-0.3244566712068129
-0.6550624485435509
-1.1648144419009625
-0.2101043562039523
1.2764190314087664
1.269524409067712
0.30584643830860236
0.2301098353994271
0.5784814094783037
-0.27748786428020245
-1.5677268768452541
-1.298766207831556
0.02154658468704862
0.376998421929547
-0.0011027168485799876
0.5612859508233321
1.5327780977596674
1.0083017064606785
-0.5384511813325596
-0.9793893833929994
-0.3833402910633471
-0.5293647958565291
-1.1729910934371015
-0.5120028163252793
1.0605675797257776
1.3909006257223318
0.45701965171840375
0.17669792054988442
0.5974725268686445
-0.008110801751946728
-1.4005138162996558
-1.488459603980809
-0.20773498641760713
0.3930423390152075
0.013525966089575403
0.3630859002435419
1.4308163355804924
1.2532909193016128
-0.2670806639202629
-1.002182014370885
-0.4690251830700089
-0.4205697993329276
-1.1267983572690057
-0.7771190506280898
0.7931674779644057
1.4585930210717715
0.6313285120856086
0.14933547868918617
0.5749677664488937
0.2312850205800936
-1.1780441241657886
-1.6201016974767615
-0.46213745393076167
0.3701500750169108
0.05591201960338166
0.19085486089537385
1.2757372001017249
1.4421371536568808
0.035292381727100086
-0.9726626553323776
-0.5713575412087606
-0.33891093239645753
-1.0359044531642885
-0.992624520410314
0.4881376845295363
1.4636206637265863
0.8163291126641847
0.15600794141890506
0.5208603322419917
0.42912395308811246
-0.9140530891415044
-1.6843508119655568
-0.7271484612372845
0.3020706213723208
0.11521248195564328
0.05410978855204063
1.0806142362321343
1.5653104982020585
0.3527424416326929
-0.8855687056765965
-0.6778878451766406
-0.2913748253521464
-0.912706040092168
-1.149400502742061
0.16191770324151464
1.4010017683885934
0.9976278227006812
0.20117296753507974
0.4472915301684576
0.5775422015207955
-0.6246211456270387
-1.6760920746252213
-0.986557646146746
0.1864182219211984
0.17885754119148253
-0.04136115533396312
0.8605816532156929
1.6175966757914386
0.6678256824602248
-0.7398409635826239
-0.7749352685522255
-0.28113881245481454
-0.7712524828788847
-1.2426153405150235
-0.1676933181886472
1.270231352036366
1.1600158880534186
